8890
65458340
6731940
8640344
10198
2111306
13452114
111955748
18972
63419350
2437766
19310
425820
12590598
31350474
63926976
57745474
26212888
22887290
581106
29244
60947084
173594354
2202702
195040126
5867838
2818912
117650704
12467322
17760
4091606
2624
11450662
3839984
18628
3895876
26208356
885094
6133916
2245144
42526254
115900584
58221328
90173234
802818
21692
32390
7422
195986
32046
92380350
11101432
3882
140991102
8036
297054
3142406
60545440
5586336
18256
9744
19238
20871238
7376
134449084
179133988
21397532
112977414
10285436
14224334
5727832
4716
25300362
45433728
6614
426992
8164
10010
57061650
8330860
13240
12203850
34656756
5136
5208416
183078620
148164468
1274
119516846
28558576
31276
6178
107247642
1204022
129619780
11818028
77703916
21106
16485900
114531842
21672
40013634
24746
145490824
17115350
128979274
6868872
646490
15775162
5896
20008
28424
7052798
72813620
21384
26382
41224106
10027158
7790284
1424900
124995080
100986420
19040
26066690
137951858
102284048
108753208
47684190
2263490
2580
11295738
10399756
20248
37287040
85848574
26885226
58999212
38229876
96880724
16777576
194867166
55758774
56642602
80258176
50231210
55000966
44347296
24990
205332648
98906294
26130
2459276
165372532
54292998
22770
13172
7300
1027248
32927164
51471978
15702360
7175638
9081810
12294472
225364040
10190218
9179542
8590
29966
1360910
49604316
136729342
20945220
155669586
31272
19970
25238
221777652
97510874
81448178
164134818
4190
37483066
32092
9682
33460198
10834
13968
32490
15503536
25752
41397974
19250
84910626
9400
32490
1185190
21243236
113238092
6914
14184
6582670
2534292
35511332
1304270
208747302
3598
649468
20020004
38443052
551402
42701856
19334740
33053388
2810482
101752570
22447482
2545076
4737348
68074058
154227328
59089440
82167850
30398
58942936
1796846
217710600
1213274
24098
102372050
773174
2865846
21920
31540
7024326
4117028
26791128
15940
3608916
19583438
22460922
14863076
16470966
107070954
21408
88288828
145165738
41548120
27839822
21045324
10439708
4564320
1556
19906106
30448
37069312
3495362
4995190
32730
120909474
24288
100628776
7411270
431066
8593564
57646442
32648
72850140
17660866
129568192
56873208
31385170
26370
13206630
44842466
14914
76190918
11756
9800
16430
111124376
74307568
3148562
19983496
86762516
128799556
5113512
126414194
7267310
53058330
7217252
1362342
8588428
14036
13398
63187746
31364
187869866
588
90776182
18082
21264200
36459098
4410
8626
146621380
6547016
163891718
16778
2220174
12396
16324
3405276
16351478
8276
20730
14840416
2890906
24856
205454184
38885332
49423708
4901854
23354
22052644
9355252
39263998
117905012
92277636
12348118
103500300
19012
10822534
82832594
18241182
1813466
1433594
158780012
15277508
9960374
194898312
12069224
5829164
2494394
93556958
14869694
18556018
2405030
758
208041982
137177398
2468892
21648
196318080
18222758
8594
24630
32884784
61953270
29190
780150
47356910
4815830
24235646
6642662
27948
116968926
12726100
30984
1888800
29266
50141362
9542
2080
168364468
124464506
13602522
3274316
6781490
52907328
3340630
39947580
22250
77187354
2139024
9354566
38064304
20007656
216902704
3064
10013208
8542748
18022
3729020
104998782
301078
21822
17954
84142690
21430
15474
142901386
17633116
1476574
17798
25232932
58791838
454810
15526
52322782
60320144
8316
81707274
51324946
76520544
12560
146804424
15163232
62202280
14636338
2120
930610
1009226
26468540
97547714
8642996
25264
19776670
155956022
1739940
40662722
1948
14708912
2681738
15595848
4805914
31704
22066
17416
40179024
30834888
5365786
45512024
2734
26046
5085680
29650196
1717374
208581220
7313180
5503298
9197592
13173892
12140356
2671236
152356612
9756
36027136
14085572
26096
66950344
58144810
3700680
81085228
8575386
9064
17102
2834976
91491084
4759500
23047260
10395724
150834
26550890
4907124
2452
103236110
29668
8306
3798
28529112
31790242
56890592
133448170
11592144
12770390
8818350
14400
85787308
3468
2817238
15308
15960078
10238690
225206850
